,I.10.7,I.11.19,I.12.1,I.12.11,I.12.2,I.12.4,I.12.5,I.13.12,I.13.4,I.14.3,I.14.4,I.15.10,I.15.3t,I.15.3x,I.16.6,I.18.12,I.18.14,I.18.4,I.24.6,I.25.13,I.26.2,I.27.6,I.29.16,I.29.4,I.30.3,I.30.5,I.32.17,I.32.5,I.34.1,I.34.14,I.34.27,I.34.8,I.37.4,I.38.12,I.39.1,I.39.11,I.39.22,I.40.1,I.41.16,I.43.16,I.43.31,I.43.43,I.44.4,I.47.23,I.48.20,I.50.26,I.6.2,I.6.2a,I.6.2b,I.8.14,I.9.18,II.10.9,II.11.20,II.11.27,II.11.28,II.11.3,II.11.7,II.13.17,II.13.23,II.13.34,II.15.4,II.15.5,II.2.42,II.21.32,II.24.17,II.27.16,II.27.18,II.3.24,II.34.11,II.34.2,II.34.29a,II.34.29b,II.34.2a,II.35.18,II.35.21,II.36.38,II.37.1,II.38.14,II.38.3,II.4.23,II.6.11,II.6.15a,II.6.15b,II.8.31,II.8.7,III.10.19,III.12.43,III.13.18,III.14.14,III.15.12,III.15.14,III.15.27,III.17.37,III.19.51,III.21.20,III.4.32,III.4.33,III.7.38,III.8.54,III.9.52,test_1,test_10,test_11,test_12,test_13,test_14,test_15,test_16,test_17,test_18,test_19,test_2,test_20,test_3,test_4,test_5,test_6,test_7,test_8,test_9
I.10.7,1.0,0.00564506682652238,0.6561172291239088,0.9468769465561605,0.16899519768251522,0.4507396524456927,0.23224169229027494,0.11281560217963203,0.009874164733301988,0.5402978938154235,0.004880120942440197,0.05755065334728288,0.5457208074156894,0.046890566985687214,0.018432840404870712,0.6198969490490529,0.26015288322128405,0.23162575973564029,0.0026682368792028126,0.5660161549281754,0.34839464400689546,0.019547327825667433,0.5202302742269709,0.46612788143872297,0.07927910471449164,0.15203228503752583,0.5566300582754473,0.05084634936485057,0.3378456479579218,0.1376413891187147,0.09071040659614966,0.045181148403226304,0.9143942010954388,0.00012200288594618075,0.007105503072957009,0.03968772741945742,0.20878850768595952,0.3285138523993265,0.00723227730024731,0.3622777041196802,0.012700870934715646,2.777223057781782e-05,0.5213672312019293,0.0069690450588202665,0.7041257148544693,0.06228335015997639,0.42109680183804854,0.30408031591529927,0.36943405565836074,0.6849686240281376,0.04978055608726274,0.016338464163978092,0.0007078510520316559,0.12757939612229374,0.342409781463649,0.03167895721380228,0.057194596912211126,0.5128356756723795,0.8519459291664266,0.02066262267026714,0.10065459818052747,0.029888901807209788,0.019718687227959133,0.31463668535181727,0.1038488024716901,0.09143669436369305,0.6763788125456074,0.3267278854603043,0.033146921803645084,0.007386129151980623,0.0016658077016173127,0.5783828668258025,0.0004375940749181009,0.015791161132534513,0.00044067825288999026,0.18071776275337298,0.7967651408718496,0.04067665409860033,0.5102165231957021,0.3090610179054582,0.31363060387969627,0.697738631864396,0.17823744330393115,0.00012451585989191498,0.2839754852432752,0.17863635965933114,0.0015283055781030285,0.3321253513173701,0.06697175333303987,0.026561194423127422,0.4019824871237855,0.059056166483356515,0.9347099536037606,0.21985068192428173,0.05075048465458503,0.7779643095930155,0.15392522922579321,0.11242901812167047,0.2537101011673981,0.7017905783867655,0.7689053341108736,0.5320132819951651,0.9058219226636193,0.17720204578372034,0.4474862393679876,0.09839967636038269,0.5263851138037667,,0.6433411949247891,0.09902115317409005,0.00014505732902598558,0.02514898785577112,0.15701339530231126,0.3011616483414918,0.9380313017080979,0.05738768086249576,9.792161848934284e-05,0.21743107925412877,0.23958843106611788,
I.11.19,0.00564506682652238,1.0,0.006208439869193759,0.18076012105481518,0.006333579802227186,0.005987630888988723,0.010322100100790972,0.09214918971714939,0.5345841280635599,0.029716927473097895,0.3911628631648547,0.007517909228071796,0.0059145721217142705,0.012235544610402355,0.00729248159830826,0.058134576255230344,0.973943794076902,0.008868212089849531,0.6532190063704877,0.005908431837721172,0.004994355714786645,0.007581624451977922,0.004453233244487207,0.0061515768264607746,0.012189115786689677,0.006375139244607226,0.09958253285858534,0.008769450957455663,0.008785069645350276,0.010638563242940097,0.008262118596873902,0.3842066094920962,0.008571058477947313,0.021596030701352752,0.03668827375925118,0.028603409888655736,0.19108257089866595,0.006470388378851154,0.03763503564768972,0.13340256964559657,0.15719638386206525,0.042242625635227835,0.3063876574820022,0.01212948610873007,0.8716712356416573,0.012361857398911193,0.00600953572563002,0.0061272660306345775,0.006060566818449818,0.006509728568469037,0.006712977039901682,0.0072114524106099065,0.6043299388821182,0.006981077810886308,0.0062818580911556034,0.006793942712531129,0.00919476655023008,0.0059404309510428695,0.0057520474557024,0.008004567670261947,0.08675276937319792,0.09829914926710305,0.2370513900578742,0.006118935912090186,0.007745061821840142,0.18894154255942713,0.005939530935659086,0.006110866226899581,0.12126074743823617,0.456836151125674,0.00796021027092841,0.656181359801532,0.010654739512613353,0.007428944445154407,0.03522892535083607,0.008837154659773664,0.036783804903832304,0.0069336670254162664,0.10606501444628015,0.006120990055874341,0.0061096522915770795,0.005906386754439151,0.006639234188927987,0.6683391156307159,0.0061837187331396405,0.03367978322081839,0.011487293242158426,0.35641735847110523,0.21155207008032126,0.07788343057172224,0.006025597243497881,0.04133931361646934,0.010350099568935657,0.06471251144852938,0.16465454745184674,0.14099154592212573,0.009101052404375304,0.4363198071098995,0.0061856773279552624,0.01640246186601425,0.02591083193597059,0.006336551006715322,0.005999666741895145,0.4354631983171239,0.005986516660674129,0.2130096947116371,0.006001485771687224,,0.653501079542768,0.008119860036331772,0.8235275645380767,0.012038282452456073,0.18223137460066083,0.006977579633551294,0.0056143624553544064,0.016654333589695564,0.009121937702355452,0.007867725516987849,0.006596638276697764,
I.12.1,0.6561172291239088,0.006208439869193759,1.0,0.9349656503588727,0.8508951493501984,0.893408985217195,0.3396009920449967,0.12670939744810558,0.01046251842650896,0.5783951000091808,0.005740354854195024,0.3490192627680291,0.8376536918394512,0.10147605822767788,0.35544415260060347,0.6469237416328913,0.26539005850150366,0.38328952922663906,0.0030795707447984063,0.8332338297120009,0.30196300485312155,0.2861542890103392,0.45394662851690737,0.9970550365933807,0.1443167898796274,0.8224462125711414,0.5483072255402297,0.1947465341407719,0.483737551460784,0.2343149152557457,0.28283906430461486,0.04940488108602455,0.99041572239866,0.0007980296776127992,0.011745575973134597,0.05616077347767371,0.22204996395882504,0.8100572912370071,0.011821006406705633,0.380693774285622,0.015430468221325173,0.0001002301513662706,0.5343114933272175,0.03379437295500805,0.7083533066913623,0.12105189258377776,0.9101707322625505,0.9993069372419708,0.9489107433865309,0.9274433913670392,0.6060807351294026,0.3765857054111532,0.0008552676518564144,0.5402420310130767,0.9067102234042057,0.5560112221100699,0.18058896418526835,0.8573981011228404,0.7247409514015879,0.21714617994462865,0.1141481398441781,0.03608516818309513,0.022767450147811053,0.992890362575572,0.3559237748711702,0.09217062648645455,0.6233592788583611,0.9865962490586065,0.039102400589718415,0.008475560252160135,0.16264115552391223,0.579169229802363,0.018417314561062985,0.31429266224310276,0.0011459447968272174,0.3359521953628931,0.7762975871351161,0.5020182453396762,0.5313582510599711,0.9946257014206068,0.9863680849927634,0.8351377447807852,0.6909901673840867,0.00015699489254429355,0.9606179953886639,0.2079897251272368,0.019767127091168592,0.3323723879979199,0.07407622931291218,0.03307251515279466,0.9224425623940427,0.07447974072909601,0.8856170460066788,0.24189979491318925,0.0574864869494154,0.7672262075536915,0.2965741659547055,0.11430422333673633,0.9569608545572849,0.6764110588382543,0.746018287026609,0.9193547001533067,0.8688507489140956,0.18558950145283545,0.8925910437546822,0.09924685841689479,0.9025427530249707,,0.6434467410542465,0.3054937306632034,0.00017046487017843723,0.0704198267428876,0.16898848487184548,0.6358663958902357,0.6742926971539507,0.09263402470874493,0.04120414423138216,0.4396431487195248,0.7296372907323352,
I.12.11,0.9468769465561605,0.18076012105481518,0.9349656503588727,1.0,0.9303152871030886,0.938198392294801,0.8717780787132653,0.6171552691559536,0.10005391009426287,0.819753865540656,0.3469850789490866,0.9068780732869165,0.9399256377188694,0.8428805480374126,0.9105809181302815,0.8039014055322502,0.35755387964914875,0.8889954548250361,0.2538143493213165,0.9400952206686313,0.9642435431994536,0.9052736277736809,0.991397126663395,0.9348431510201894,0.8453033791002762,0.9294029654904452,0.6835763105491961,0.8863174057293851,0.8929495411008264,0.8646059043432983,0.8948810084890548,0.39347951357486866,0.9342042832870258,0.7561204963666641,0.6910102628785704,0.735057875304246,0.5683049046176756,0.9280201630928728,0.6876606406714336,0.6615335357723262,0.4971338530974221,0.6571938899040626,0.6564415758228868,0.8405795602263717,0.7046851403023302,0.8425455799494399,0.9376787407364188,0.9349571450834235,0.9364974768213972,0.9309254276153038,0.9221199576966477,0.9120889235771259,0.2572471749330829,0.9172498076487565,0.9318170563298526,0.9203932473641994,0.8802648512668148,0.9393156473360906,0.944118132124034,0.8978918191207436,0.6200443199158514,0.5746911690819946,0.44536540968532157,0.935153566280295,0.9034554104037376,0.09821794753487648,0.9897887142715115,0.9353470745270847,0.5489570035450907,0.326932402398746,0.8980439596102837,0.5760044335686093,0.8569804516574979,0.9080019995468975,0.6878459042812163,0.8881944524622478,0.9465089714357774,0.9176662012261751,0.7318508271888059,0.9351001104705177,0.9353510877995911,0.9405494605838454,0.9240947765138858,0.23104167757142216,0.9337165040242279,0.7426599942029449,0.8469408468429965,0.33129066432292364,0.4936730793558868,0.6032088386864083,0.937302213681944,0.6948435801950359,0.9634607582387531,0.6861908074164513,0.5185141260079726,0.8730683909367475,0.883988923703664,0.1528490459902333,0.9336199285479662,0.9295508995136551,0.9445055171465007,0.9316786669326353,0.9423293538458506,0.4473623787323917,0.9382166775563578,0.10693260462044231,0.9380695176023853,,0.6428883300257435,0.8972600723463768,0.12716378520511698,0.8434587777174697,0.5534508493024187,0.9185086387767774,0.9488478163505322,0.8049447619693837,0.8785840377448432,0.9029451886645382,0.9251795698476393,
I.12.2,0.16899519768251522,0.006333579802227186,0.8508951493501984,0.9303152871030886,1.0,0.06613802967598359,0.3430859254082058,0.1297003830155008,0.01062786971403583,0.5905746894342929,0.005854319849067504,0.19565284272530936,0.02562736771944826,0.08682213692579638,0.0742168532394566,0.6563487817716778,0.26725716091160856,0.37973476714263166,0.0031429909923676403,0.05399277417124026,0.026471956193232882,0.07851436735841805,0.4121142367494681,0.719991861146041,0.13379613871937557,0.8756182000947627,0.544933122096606,0.1295960572011564,0.4971898360225654,0.22539072255499448,0.2175494132986899,0.05041765321757877,0.9801850704170959,0.0003125034866595603,0.01098351771252394,0.05571561989006711,0.22596471632108356,0.8858532280603669,0.011102781629086827,0.3866226415021523,0.01570385147063307,5.9433352513906424e-05,0.538966090207001,0.01758191550625878,0.7099705120091963,0.10894168393971836,0.0713206052409342,0.3008298531769804,0.16177633092378102,0.9887897764954816,0.21542325641688362,0.06102314665068327,0.0008693270242180382,0.4203177227309567,0.8985653500194075,0.09831037049930326,0.13229699940269077,0.04199277709663702,0.1790409519763302,0.07544926752893198,0.11687075465462059,0.03679362279178648,0.023262642261362324,0.2975326241269928,0.2709794842755921,0.09244416530819113,0.5977631419115884,0.3033795746129561,0.03994345986004511,0.008655317400549978,0.004087225636373844,0.5794727666604648,0.0015812848479298284,0.06342799085084212,0.0008443663142678578,0.3203365395045396,0.767993031238764,0.17905005579241182,0.538593763813952,0.28060812003910174,0.21486821145581048,0.4074003833527473,0.6349034793382552,0.0001584812487175873,0.5737142534156099,0.21345356748230748,0.004847199201510168,0.33246783536725444,0.07569354400132393,0.03359751825316216,0.08474851373568268,0.07570802537783164,0.8655037083611686,0.24750074623852888,0.058794374775095914,0.7629590178250761,0.2774995737436297,0.11497558473738012,0.4638153094637021,0.665680036926038,0.7366083045198529,0.9511807041595881,0.7494267921468842,0.18822438214415682,0.04838158066431918,0.09956180230074048,0.38509097529168257,,0.643487622698669,0.23838559633080106,0.00017369075082225991,0.0524494410525865,0.17227874418686812,0.6392722527698103,0.41730185894514227,0.08880358750259644,0.00020465012040394117,0.41909250493638783,0.7321762247068938,
I.12.4,0.4507396524456927,0.005987630888988723,0.893408985217195,0.938198392294801,0.06613802967598359,1.0,0.2822423375764482,0.12118870901101944,0.010256518304408591,0.5660770445722705,0.00534935267238977,0.07944331388976338,0.48593204109159227,0.061953957979667136,0.009204887567881416,0.6387634650919816,0.2638402501721832,0.2952858870389152,0.002898804160755837,0.6055428898975741,0.07920710572360146,0.017919030243972168,0.46040361831812315,0.7816751820620561,0.10145157661795759,0.06241288880621906,0.5504752144112972,0.07277039581092513,0.4111195847662692,0.17454927345864252,0.13001289860522003,0.047801538904617406,0.9693666065044363,0.00016873400621216305,0.008726302451576991,0.0468628939110517,0.21753755392115143,0.5168655605136949,0.008857235534341543,0.37478016233836187,0.014128489441454355,3.7666805308811066e-05,0.5305087808852817,0.009755282061693684,0.7071820173114745,0.08072116137039703,0.8035437846513958,0.2528303442648788,0.5302787883719087,0.846069566862566,0.0049201198516275295,0.00456476756625179,0.0007845264156084029,0.1876245834540745,0.5694028869664751,0.0003711008732654391,0.08070999151709714,0.6783639351939619,0.5395560120991125,0.02521295772830428,0.108657736340052,0.03318803573808985,0.0214443947257889,0.32273329533759876,0.15157599656038023,0.09196205940216952,0.6342590252295144,0.4069020495701122,0.03642884079824801,0.008004912225282847,0.00021845229800910657,0.5789533452169253,0.00044413547560133253,0.009365568897260788,0.0005822293058220389,0.23755025317161801,0.7816276450907264,0.02017986643491513,0.524878508379006,0.2598522872681678,0.17108240976697095,0.8429922305615036,0.2661423312879639,0.0001403200023109494,0.36603712428156043,0.19569885002612827,0.0020113199261182595,0.3323046337270159,0.07131746152266333,0.029877133611080423,0.6596226030604229,0.06688834705636208,0.898308851507619,0.23374043129673888,0.05471160745158256,0.770086077155171,0.20332278628745332,0.11375139432787422,0.11251879312951149,0.6827083150837614,0.7518897743658197,0.7620846822488008,0.9130644045096625,0.18285066462668706,0.992314056927249,0.09900552595044596,0.987197434562231,,0.6434178670422555,0.14231436448008844,0.00015882059917458105,0.034352250373875855,0.1647385623876786,0.43132822838716844,0.6373067796625588,0.07076342837717038,1.3731642192954838e-05,0.29660294459230463,0.374331754924935,
I.12.5,0.23224169229027494,0.010322100100790972,0.3396009920449967,0.8717780787132653,0.3430859254082058,0.2822423375764482,1.0,0.22517546400603183,0.014262807155548266,0.7955108999399394,0.01348040558805324,0.5809406412157547,0.270114381224734,0.7163638979883803,0.5319578319788865,0.7974453629506285,0.2948125120910137,0.8218566825876701,0.006612373605717343,0.2693865052670452,0.14683985152637316,0.5924113708634358,0.22706364300758886,0.31537158056038495,0.7500879324051433,0.3507784460166312,0.5051228425942679,0.8268460456642427,0.7963118620267438,0.9307188507999326,0.7299465934779289,0.07869400970190989,0.6545513789235806,0.13023624304534148,0.09865885690932323,0.2410327458779932,0.3039011422014759,0.3755817235648885,0.09608527142360272,0.48881678447814947,0.04145419339698066,0.014945164407829352,0.6063445384922976,0.6649926726087767,0.7311401869491456,0.7209002825770554,0.28585734673676144,0.30612551568122914,0.2946255338067956,0.41178894900559626,0.414623554902393,0.5149218708218393,0.002355879669204379,0.47270354675178394,0.33753978793089157,0.43011698132555554,0.8999102571416104,0.27442346152343733,0.24729575814982613,0.6800427117135417,0.2122840018707548,0.09163909429037628,0.04778182826571292,0.30473646727251535,0.628777528467334,0.0961921116279586,0.39542268882708353,0.30342852554938593,0.08947682313043924,0.01749673278971387,0.6704127225098594,0.5833864306865528,0.8247353491851449,0.5602568718986727,0.04606741301257473,0.8233694897613703,0.6711432371159455,0.4590488550007511,0.6512304297659145,0.305020575217829,0.30293919319600165,0.27379147812677845,0.40439195194693267,0.0005503757716362899,0.3165824467524553,0.417029519706808,0.7169164908013799,0.33369646853281343,0.12414498409184882,0.09596982797522424,0.28856136195432536,0.2152662193349031,0.647066996553411,0.3853442124118128,0.10826809759788747,0.7108567413407247,0.8678003797953705,0.12482738946147769,0.31633122979272427,0.5503035904797016,0.6297740944233681,0.3581820791381324,0.32639176542295756,0.23602763104780394,0.28196173461063767,0.10389597808503483,0.2868720326305349,,0.644011581410882,0.7025796538163405,0.00041047380314926217,0.7089509187282889,0.2456608189497376,0.48008129116433884,0.2408849429838464,0.47956896385118264,0.9092472120388575,0.654163506383489,0.39798668721619435,
I.13.12,0.11281560217963203,0.09214918971714939,0.12670939744810558,0.6171552691559536,0.1297003830155008,0.12118870901101944,0.22517546400603183,1.0,0.05822836925085663,0.47412152525696594,0.2731309102994146,0.1588961502448146,0.11939436733276758,0.27070568166509784,0.15334772336545963,0.6100701604699708,0.4576017970089844,0.1914372834918671,0.13658311043311264,0.1192451083932408,0.09698923493825518,0.16047208097026106,0.08622834941373031,0.1252429707628682,0.26899379293763853,0.13072438102343567,0.3463324012194201,0.18948426373532323,0.189155129704977,0.23320733755608808,0.1770999408172724,0.4244621321122243,0.1791431609764347,0.4723282478300508,0.6989405797400381,0.5682367095529539,0.8428799476949307,0.1330982784547994,0.7109186255854476,0.9414135499515,0.6322363213236278,0.8024189861553435,0.959968408215427,0.26946838693381026,0.8357800323278584,0.2731925620043301,0.12172657853600774,0.12462145993485503,0.12298134229244,0.13418311551993656,0.13905172675123686,0.15134931686340436,0.11767477154334748,0.14567434278913804,0.12844326166656708,0.14104789831099557,0.1997346990223161,0.12002956324455992,0.11542632649866055,0.17086764224399464,0.9876966674002282,0.8770329639847682,0.5047601741983176,0.12441685116033811,0.16446131551967538,0.11645216224681154,0.11962564742573267,0.12421881960281202,0.7947352893400864,0.25205790993669486,0.1698033835013564,0.6024133671276056,0.23527099243084632,0.15671198063212946,0.6969470156477603,0.19082900590824578,0.33985661930574107,0.14449751927766383,0.7985169574670956,0.12446703040009736,0.12418764014181297,0.11922052135637609,0.1372460676293533,0.07517004031458692,0.12601286877908213,0.5924461265625919,0.2548733793669551,0.3396543574812413,0.648896549718285,0.9743337320970387,0.12212123334145283,0.7146312677811821,0.2023484660601598,0.8051532796423758,0.7088625601721817,0.49367025587853197,0.19719386650795093,0.18424854122273338,0.12605835026832418,0.22812493818602614,0.2920018168645774,0.12983593048522926,0.12172500531787243,0.5815461387560439,0.12116085634165526,0.12749309385843652,0.12154083026765515,,0.6465329503622403,0.17362610291546163,0.02226664583874065,0.2667551442588625,0.8086094158343011,0.14560181390832164,0.11215183143345783,0.36357972687774875,0.19829648830516544,0.16740277631795378,0.13620234595997713,
I.13.4,0.009874164733301988,0.5345841280635599,0.01046251842650896,0.10005391009426287,0.01062786971403583,0.010256518304408591,0.014262807155548266,0.05822836925085663,1.0,0.025180846835123193,0.19142209911512034,0.011834642140481536,0.010177022197385309,0.016016047082224937,0.011619272805680989,0.03799606652957908,0.6721410590029846,0.013031995683623322,0.31648044845517526,0.010169929227782523,0.00913421604251152,0.011906098791419252,0.008093270092571828,0.01042596530223664,0.015932302310794295,0.010671875238697838,0.05631924438466549,0.013026165358095152,0.012901034676529697,0.014604853196900936,0.012539159342720818,0.19064763069342971,0.011979282180072054,0.023275190489827714,0.032485515803526,0.027268624668264928,0.10125209642004115,0.010760240112029949,0.033028367463762,0.07398541015353934,0.08935290259952045,0.03626506074702345,0.16324128848177116,0.016011672299932667,0.714741072767761,0.01609467788754585,0.010280383572054982,0.010407434132218039,0.010335482102761138,0.010735520624291913,0.011027209339661125,0.011538466180483365,0.2884812326283404,0.011292594963212953,0.010566733578095663,0.011112035253246836,0.01341098635391193,0.010205136595718102,0.00999433943772727,0.012317997150502863,0.05594791753652174,0.06257234115909835,0.12360522337889511,0.01039837856102975,0.012045387379486584,0.24684846499565932,0.009094389927018314,0.010389550849189707,0.072795980656591,0.22200475735079933,0.012286989286032956,0.6883563314852681,0.01478528832457355,0.011756067173135583,0.03197334047847162,0.013029336115546655,0.023731500738010274,0.011253820803534004,0.06046771590507091,0.010400697733476044,0.010388653182603659,0.010160865956362494,0.010942767107941466,0.3167312185901795,0.010467245253680504,0.02928711711564268,0.015496864688723189,0.36641925197504654,0.11163467642179345,0.05318346878420388,0.010297806108533914,0.03433849252594827,0.012484072287215516,0.044396618265658515,0.09138606182966587,0.07856556064509128,0.013276629941417104,0.6472512850031915,0.010470243731404635,0.013909888928724305,0.01866392810089588,0.010606107848486099,0.010194958459235183,0.22404429526893813,0.010255442632959605,0.2818828035146713,0.010268218797595126,,0.6575539404019648,0.012402998908687844,0.6216906959682456,0.015891503976659192,0.09765509596592772,0.011267285728620319,0.009820350835722509,0.01935743321404568,0.013401952307956584,0.012133110902196386,0.010895025336783383,
I.14.3,0.5402978938154235,0.029716927473097895,0.5783951000091808,0.819753865540656,0.5905746894342929,0.5660770445722705,0.7955108999399394,0.47412152525696594,0.025180846835123193,1.0,0.07639059320997683,0.667181144658058,0.5607892033316488,0.8942624644895446,0.6542664760870961,0.948895685388558,0.3338057909954484,0.7328719019668324,0.03555266478797596,0.5603017354422837,0.49003902809976907,0.6720660447627613,0.4121619292018781,0.5769894840023633,0.8865758473678431,0.5934520101554348,0.4766989210789512,0.7380317513190662,0.7220019262780253,0.8182856342958598,0.7088742827388239,0.17359294974236758,0.6305284018488103,0.7913717841704822,0.5865218350073205,0.7314500852834818,0.456969878279464,0.5986792452514968,0.5769135885605878,0.6453833685872208,0.21348667645724742,0.47003606790452335,0.6915242340954211,0.9007837462426922,0.7535852718964481,0.8960366460876958,0.56766568741931,0.5760753496107134,0.571313910016696,0.5941735211669725,0.6165765837580772,0.6492254301997766,0.02513254416545879,0.6330522489875889,0.586306060285736,0.6220819078399324,0.7595764427757681,0.5626584192698394,0.5484230689922341,0.6971715777285759,0.47286037521998425,0.34588514166000484,0.17541694757945286,0.5754732960854237,0.6794277181627416,0.10074477484489024,0.4573474396612851,0.5748841936472069,0.3099338441342417,0.07532864079670801,0.6959963799033438,0.5873829216236452,0.8401929299195416,0.6628351388312615,0.5661018190061315,0.7343819188893591,0.6141850772867942,0.6310638594470344,0.7946964002567138,0.5756309351503295,0.5748413813496209,0.5594394558711535,0.6107663632492542,0.012896286755730806,0.5799888885585911,0.7721669397115403,0.8769347109714427,0.33494506022021897,0.2774940793029849,0.39307505152922073,0.5688224912064934,0.6197707055719175,0.6037697596374028,0.643956172307938,0.28878700026936294,0.668891030203767,0.7487440668401173,0.13890448973159464,0.5802235699490953,0.5115122266534311,0.5769254802361297,0.588086149481287,0.5591377927304044,0.3281522237417229,0.5660107979704271,0.10921990388306278,0.5667240576435929,,0.6445368428180752,0.7007427420026355,0.004111029854424352,0.8912825898778376,0.40948502830329137,0.6303703178978418,0.5360102479773389,0.9680271197341532,0.7629555890471527,0.6829524798179958,0.6075287240956773,
I.14.4,0.004880120942440197,0.3911628631648547,0.005740354854195024,0.3469850789490866,0.005854319849067504,0.00534935267238977,0.01348040558805324,0.2731309102994146,0.19142209911512034,0.07639059320997683,1.0,0.007736776688417152,0.005245048041577142,0.017131533774915584,0.007342189522796418,0.1632798918073622,0.7109721958578428,0.010386237885235461,0.6377768706589255,0.005237155810145664,0.004013905045598014,0.007821277696560014,0.004053537135190767,0.005602984249027378,0.017190238488942817,0.005916335652053628,0.18908236679159598,0.009954899759285735,0.010386884350837254,0.013917326765844633,0.009064712907560822,0.9086180813624526,0.012074878509674127,0.03974151296423027,0.08773869532113998,0.06331924903214264,0.502480252295749,0.006086991644368938,0.09090499978436269,0.35959325282017485,0.4776467612425389,0.10360134202753349,0.6075541300312559,0.016601894344585984,0.975523439143668,0.017503068594668186,0.0053805595708063285,0.0055509089641912115,0.005454337742768027,0.006299054175008411,0.006425999769603871,0.007209138675271209,0.6535346518065945,0.006870332252414642,0.005791350828849088,0.006548903485548815,0.010770070176427676,0.005282015068019574,0.0050251948534430265,0.0085431456238827,0.2571736316500366,0.2969242264967676,0.6705746681160236,0.005538999681713333,0.008152114205594007,0.1468984993058007,0.007824178833327401,0.005527582864992326,0.36707641449229167,0.911284903739531,0.008434837025342319,0.6277087379328243,0.013405832102229951,0.007564599885397173,0.0813139952625272,0.010252402778539515,0.09813659492245734,0.006771992492151248,0.28635333265401436,0.0055417483850721825,0.005524927231146846,0.005248761441469188,0.0063307703439726935,0.5461641910949571,0.005635035167936278,0.08369786225353743,0.015140144084115174,0.34755473971674966,0.5850951699128495,0.23025462367871605,0.005403605698050796,0.10646957509527506,0.019178945326558075,0.1867400726097115,0.4816052935233778,0.27148036520567936,0.010736482351129582,0.28337582406239,0.00563592143177383,0.04228165674667428,0.06971339493341824,0.005914759608692823,0.005528129716363682,0.8830748205129655,0.00534746858953024,0.16321460016568884,0.005376390303210149,,0.6498458289160697,0.00881414496107904,0.19879407529566107,0.016559879913928887,0.4954623746446921,0.006917498001516708,0.0048779925889062955,0.028173668952876485,0.010462777530051454,0.008446473091980275,0.006273242133301156,
I.15.10,0.05755065334728288,0.007517909228071796,0.3490192627680291,0.9068780732869165,0.19565284272530936,0.07944331388976338,0.5809406412157547,0.1588961502448146,0.011834642140481536,0.667181144658058,0.007736776688417152,1.0,0.06449419662051699,0.2311621443893446,0.8551821546247825,0.7102311863243154,0.27768951350161575,0.7186137013648617,0.004034683175427604,0.06605991589596708,0.012904067673601352,0.9427414075270555,0.29422360425889316,0.1901789052433559,0.29514285053624706,0.2160243088766995,0.5286394604800901,0.5391278180036407,0.8065921307727189,0.45398203899077305,0.7181411737448862,0.05921914890208486,0.8326445966138534,0.002803297273100982,0.022807465524468582,0.09442296011994096,0.2529678922805303,0.36868445461435273,0.02274473435112664,0.4237310863165188,0.021760102820112367,0.00030150690057765303,0.5647115782005894,0.1063488891184479,0.7183147479720265,0.25867987005828763,0.08364995841492048,0.11625857546292265,0.09748639231363121,0.564643996116239,0.4078530340616606,0.79072265013785,0.0011984579805624186,0.6599735433792595,0.2312734720369239,0.45757973348760084,0.47369926035805876,0.06994945953931608,0.06411593472957731,0.7182582909937136,0.1453870650336821,0.05042892929769952,0.029833335065660826,0.11455217801244828,0.9078419297383717,0.09389790790455825,0.49764374861711413,0.11338702926582005,0.052888958342295796,0.011003116840021065,0.6654881025297976,0.5810230435340628,0.07930125507737762,0.956585288326741,0.0029761601486475837,0.6804646850428628,0.7279679029179371,0.581004641409381,0.5808716509476135,0.11418149921371064,0.10929999319613147,0.1124687933051103,0.42535224761821333,0.00023303774324495225,0.14265087724194533,0.2757003315828543,0.07572330263008298,0.3329547942774741,0.09056419806730143,0.048154436968802845,0.08732386098205948,0.11010707747679173,0.7701682504155423,0.2930592093285266,0.07309519455712504,0.7418804585705558,0.6160298846680349,0.11870943306296577,0.13457666440286747,0.6163804863792756,0.691950558525483,0.37250363057797753,0.38963367178017505,0.20518992950327206,0.07816006621635922,0.10124042912093092,0.10874193580815428,,0.6436956048916499,0.7682249166633219,0.0002296613240312525,0.1822292370228883,0.19685788806947307,0.7033503998237243,0.14211819983322804,0.17467056096315012,0.19536823383154517,0.9161210486678895,0.4224279162710469,
I.15.3t,0.5457208074156894,0.0059145721217142705,0.8376536918394512,0.9399256377188694,0.02562736771944826,0.48593204109159227,0.270114381224734,0.11939436733276758,0.010177022197385309,0.5607892033316488,0.005245048041577142,0.06449419662051699,1.0,0.05750068105955855,0.005762523251530374,0.6349435671296042,0.2630967484077635,0.27887077838937785,0.0028480874229084895,0.9632616815939522,0.10095352832306455,0.012867132477791358,0.4714648501447084,0.6749770071363934,0.09540550730620398,0.02631521175092088,0.5516931740717563,0.06392647890720059,0.3937047280630248,0.16483603155400417,0.11562310648822093,0.04724674993187223,0.9583272180565471,0.00014808274111342062,0.008300007169540536,0.0451168122406351,0.21572789772480228,0.4486655788193914,0.008431997274417383,0.3722222517787044,0.013805847580367195,3.418135089136453e-05,0.5286673703185825,0.008585395761003988,0.7065720024182918,0.07553400068148602,0.28421428148990957,0.08082191653335367,0.20743210796385858,0.8105449017401833,0.0019246072917460848,0.002564948319239911,0.0007671823754531287,0.15417052234672815,0.47011529597065826,0.00010269200950265906,0.07225304953012288,0.821143222884433,0.6639473002394047,0.0197448832857807,0.1069319978859444,0.03244692147870557,0.021065958781293644,0.12246006817491935,0.13252376492184115,0.09185680428261685,0.6423989570331241,0.18418533327963799,0.03570132995118747,0.007869451496796775,0.00012086884064268235,0.5788396359860941,0.0003410130654960423,0.006118481297764085,0.0005375219682919428,0.2219478911433851,0.7846241788199513,0.011994480338228992,0.5219032403840829,0.08050716584236173,0.029030212830688303,0.9583977915537002,0.21243176512341566,0.00013665659928101219,0.21143605882400066,0.19198395301293644,0.0016680324017414574,0.3322689037550416,0.070392115797084,0.029119339892834117,0.1996574025613269,0.0650932401687248,0.905523139019979,0.23081328784487845,0.05385520553852765,0.7716498551504172,0.1895008701813685,0.11348493260898891,0.02957909953127816,0.6864632351252671,0.7552518133107204,0.7020520222826341,0.9499069406515144,0.18169186629646072,0.37345782791170723,0.09888410124662861,0.821063175082051,,0.6434025923596872,0.12647488952486657,0.00015575484315263002,0.031300885063630164,0.16312675764870677,0.3922884531549119,0.6929312034111773,0.06730779001210352,8.120420205550899e-06,0.27380639637718235,0.3146825727328408,
I.15.3x,0.046890566985687214,0.012235544610402355,0.10147605822767788,0.8428805480374126,0.08682213692579638,0.061953957979667136,0.7163638979883803,0.27070568166509784,0.016016047082224937,0.8942624644895446,0.017131533774915584,0.2311621443893446,0.05750068105955855,1.0,0.18967899669675156,0.8661261515982341,0.30828887250224396,0.5009958705591245,0.00827472132156271,0.05740555429581241,0.02285109855422353,0.23268491049506904,0.12388332809939999,0.07869779335920253,0.9750286088072535,0.09030127122595398,0.48537085800014745,0.45110582598342563,0.5009462587013254,0.7675664444540147,0.36696908015315677,0.09224806725710845,0.49706487341036476,0.20033769497203588,0.14169023697653454,0.3295596953676809,0.3414710191305941,0.10891583206620291,0.1377450239774022,0.5383080580335757,0.0537691755362991,0.021693665278245833,0.6393052238016701,0.9723442085240781,0.7415699646127905,0.9958359796633263,0.06326625435381553,0.07119538093359634,0.06668137762917263,0.16243687752534594,0.1207305939514674,0.17804645955264933,0.003070067310324636,0.16063312203173297,0.08761900947272383,0.12830789084959796,0.5314955624121875,0.05909277850282222,0.051280623389483575,0.3024592284578897,0.25774201651770196,0.11780120428239288,0.059495564245822745,0.07068393275680956,0.27747659551002035,0.09803351777529866,0.292724067406953,0.07022944756652666,0.11310058387414386,0.02172758730141315,0.2836778634601638,0.5853167311329062,0.7939373016836136,0.20856723495298482,0.06864497384839716,0.4882846857250046,0.6231404982006302,0.14580042438744714,0.7060222349217282,0.07074521828478783,0.06983860193017419,0.0619199086749513,0.12027859566554024,0.0007393457192420161,0.07585397177832436,0.5133033283612864,0.9409797442484644,0.33430252530544935,0.1473234344440744,0.12575125852273164,0.0642823566850826,0.2815555793777462,0.5393649727646956,0.45121717381506876,0.13188468674690854,0.6850771731524588,0.5302775274326942,0.12964835623215332,0.07530055752507255,0.4928227578330019,0.576744686194523,0.10707709365571998,0.11320338946784254,0.25917256343032286,0.06178955227716907,0.10602483074921135,0.0651989336761682,,0.644270114515128,0.3429091929458825,0.0005244740899511184,0.9921738763005599,0.2809222778961919,0.17943431139307722,0.056912303245905765,0.6629998628997317,0.4897686642729777,0.3203800770491676,0.11893646216342202,
I.16.6,0.018432840404870712,0.00729248159830826,0.35544415260060347,0.9105809181302815,0.0742168532394566,0.009204887567881416,0.5319578319788865,0.15334772336545963,0.011619272805680989,0.6542664760870961,0.007342189522796418,0.8551821546247825,0.005762523251530374,0.18967899669675156,1.0,0.7013676031930169,0.2759770373759398,0.6505726322777808,0.0038518622846590504,0.007006757453372366,0.002982602814565923,0.7547904772731125,0.3069387555540217,0.1252051729304521,0.25349976142945346,0.09323438050008213,0.5311720571014356,0.4238015347008902,0.7498910203409201,0.40077642166545946,0.6015569373922736,0.0575804741351784,0.8549029392222569,0.001513076649715617,0.019462822138563058,0.08505628519916245,0.2482443319281895,0.3505762843229776,0.01947669434601667,0.41743073210636517,0.02045069306906694,0.00019385022235404918,0.5605052682367383,0.06998519120394416,0.7169833861419206,0.21816480792858078,0.010006149311897496,0.022073531946364775,0.014832893227073455,0.604459420189274,0.31930056822733544,0.9112133695750501,0.0011264019669262042,0.7226222533901454,0.16031691965482892,0.38269807533922406,0.3775746826454629,0.007072449426707259,0.017091757573305662,0.5340301105123282,0.13989058421609443,0.04753638804126751,0.028503829244332212,0.02183065600564611,0.7838943819252915,0.09366337765789698,0.5113956094157102,0.022081657667084684,0.05021797375485681,0.010528149017971713,0.3893997665262887,0.5807765994644185,0.030086456581316028,0.865506190902021,0.0021704954050365995,0.6039467520488709,0.7341666883656037,0.5954566570591706,0.5738522323079598,0.021072247126804052,0.018197573839945552,0.055166118142037916,0.4039171806143387,0.00021576221798751675,0.04158869445245339,0.2636310175424136,0.03831611734302923,0.3328774147501674,0.08776413187657864,0.04495774836119817,0.010977523115210342,0.10261133558444639,0.7845965856330175,0.2847736322775395,0.0703053138012837,0.745185379870065,0.5404090646422643,0.11809728360916492,0.030454669352802846,0.6238488365028391,0.6988169444271999,0.3768466366440192,0.4117507649991585,0.20227678421530768,0.00846886621431087,0.10096933620161572,0.03592304977986824,,0.6436625912100153,0.6505131458730262,0.00021779653898210667,0.13987221565107308,0.19246302765892287,0.7695624797165532,0.12250035780141752,0.15270755819849607,0.053407287467725044,0.8264203043831833,0.41179916733117217,
I.18.12,0.6198969490490529,0.058134576255230344,0.6469237416328913,0.8039014055322502,0.6563487817716778,0.6387634650919816,0.7974453629506285,0.6100701604699708,0.03799606652957908,0.948895685388558,0.1632798918073622,0.7102311863243154,0.6349435671296042,0.8661261515982341,0.7013676031930169,1.0,0.3588542669150181,0.7546470352638945,0.08498631130903114,0.6345816629718325,0.5826900563353812,0.7137637761824582,0.5096173047276512,0.6464504022553714,0.8607635478830888,0.6584015629042796,0.4735057678137722,0.7591380323313225,0.7464908366717415,0.8136105867659426,0.738916513451283,0.2611636644406757,0.6713730723446178,0.9154778763264297,0.7534268162318112,0.8626692724940839,0.5521010214156099,0.661876165808337,0.7453639581919137,0.7260414479099422,0.36339967413425056,0.667492926064563,0.7359793141208864,0.8706957809764121,0.7639680740166948,0.8673157758205747,0.6399117743452332,0.6459629871776837,0.6425374306944212,0.6573036718860436,0.6748540367299843,0.6978529931760571,0.07481907703952403,0.686285496705128,0.6531649620465763,0.6787642623923948,0.7738716887844342,0.6362933293698221,0.6258656981580358,0.7311623326374409,0.6131925111552803,0.5082758385801736,0.29702894827884196,0.6455282935243982,0.7185644262771499,0.10332967090915932,0.5302945061209525,0.6451017184907812,0.4634115259591496,0.15203600164448608,0.7305126502464969,0.5891339021518648,0.8294586248230292,0.707356032715061,0.7435633713910352,0.7559743980442801,0.6163790139985972,0.6850614921972846,0.8582242634093892,0.6456440125987921,0.6450801497077658,0.6337961923168658,0.6705865869117857,0.05086540440229945,0.6487547411106098,0.8818125998442472,0.8544620067531536,0.33548748500444614,0.3947909962997922,0.5624149082909236,0.6407461814702939,0.7670034984454209,0.6384052110602669,0.758295018047653,0.4225265053540429,0.6594516255498054,0.7659437269579455,0.14834996316396726,0.6489429272652361,0.5348576408041837,0.5868439261856178,0.6540390225324618,0.6320111605957237,0.3944980134542636,0.638718765905175,0.1122830467951234,0.6391532926818289,,0.6447592835006307,0.7332854276910391,0.015974038170649473,0.8641350275065347,0.5153024231585421,0.6840018643134823,0.6162615267579703,0.9621878260457173,0.7767286503128745,0.7205574269936309,0.668222778191548,
